[gd_scene load_steps=4 format=2]

[ext_resource path="res://scenes/objects/Surface.tscn" type="PackedScene" id=1]
[ext_resource path="res://scenes/objects/Player.tscn" type="PackedScene" id=2]
[ext_resource path="res://scenes/objects/CurvedSurface.tscn" type="PackedScene" id=3]

[node name="Main" type="Node"]

[node name="Surface" parent="." instance=ExtResource( 1 )]

[node name="Surface2" parent="." instance=ExtResource( 1 )]
transform = Transform( 1, 0, 0, 0, 1, 0, 0, 0, 1, -23.6419, 1.49471, -40.5358 )

[node name="Player" parent="." instance=ExtResource( 2 )]
transform = Transform( 1, 0, 0, 0, 1, 0, 0, 0, 1, 9.52493, 3.49332, -3.60123 )

[node name="Surface3" parent="." instance=ExtResource( 1 )]
transform = Transform( 0.994665, 0, 0.103157, 0, 1, 0, -0.103157, 0, 0.994665, 7.71401, -5.80438, 15.3017 )

[node name="CurvedSurface" parent="." instance=ExtResource( 3 )]
transform = Transform( 1, 0, 0, 0, 1, 0, 0, 0, 1, -6.83758, 0.233719, 0 )

[node name="CurvedSurface2" parent="." instance=ExtResource( 3 )]
transform = Transform( 0.957319, 0.269921, -0.103354, -0.289032, 0.894022, -0.342324, 0, 0.357586, 0.93388, 5.22633, 0.424509, -21.3472 )

[node name="DirectionalLight" type="DirectionalLight" parent="."]
transform = Transform( 0.869874, -0.191429, -0.454614, 0.377715, -0.33426, 0.863482, -0.317255, -0.922835, -0.218459, 0, 23.3095, -0.133587 )
shadow_enabled = true

[node name="Surface4" parent="." instance=ExtResource( 1 )]
transform = Transform( 1, 0, 0, 0, 1, 0, 0, 0, 1, -40.6523, 0, 0 )
